params.thres=20000;
params.cuts=[500000 700000 900000 1100000 1500000];
params.minframes=5;
params.maxstim=10;
params.level=4;